id,predict
0,0.4853428450028712
1,0.375140671076414
2,0.5006779816937446
3,0.31663603410237884
4,0.3139648460455002
5,0.4675539801522884
6,0.48446829802198216
7,0.4861025554673234
8,0.18408846403731777
9,0.4941933427627401
10,0.329074731271743
11,0.31495746542483216
12,0.5013073357677569
13,0.49913692266314397
14,0.471812082470173
15,0.18157381575465065
16,0.4795667124528597
17,0.1833115332131845
18,0.482355931610881
19,0.4900613834395826
20,0.30980261682751126
21,0.49532901223267095
22,0.49081014969610315
23,0.485408806524183
24,0.18290651293928772
25,0.31472486602039584
26,0.18157381575465065
27,0.49756454251772436
28,0.36470508079765535
29,0.3086417715457924
30,0.486225149452497
31,0.49269779530771546
32,0.46708678208085475
33,0.30634071223049597
34,0.4886681783217184
35,0.4968932711549278
36,0.48607955280361514
37,0.48316853943593907
38,0.3612074877465954
39,0.3054665156346954
40,0.18315288980830075
41,0.49553524589750003
42,0.4527416073128919
43,0.3168658895938457
44,0.4855851529253327
45,0.36617450677903085
46,0.48398664100633987
47,0.49353801501860617
48,0.3084202268120239
49,0.46917374307805376
50,0.4866858503599155
51,0.49959070643648906
52,0.5029468296862761
53,0.48845967470792556
54,0.5051241512815225
55,0.3133321818449821
56,0.4832299621354572
57,0.313560739458702
58,0.3113083795272985
59,0.4852209917903629
60,0.4903589631954921
61,0.492834078377116
62,0.5022418935838369
63,0.3571907315813044
64,0.2788321073216522
65,0.487125434455196
66,0.4934192365097968
67,0.3172416212399522
68,0.18157381575465065
69,0.48158963251560477
70,0.49448023580504263
71,0.49665842507515723
72,0.49064489327405914
73,0.49222149952693667
74,0.3569743936096757
75,0.49959477080087156
76,0.487410472892463
77,0.48044187768577534
78,0.4965093879851987
79,0.31992537081531874
80,0.4995975759897138
81,0.47929363600712666
82,0.4930601816495205
83,0.3564453076446664
84,0.3080688928644332
85,0.48561072641657604
86,0.464227471874192
87,0.3143760258944346
88,0.4914962012023302
89,0.4948632613381101
90,0.313560739458702
91,0.35916294430569334
92,0.30980261682751126
93,0.4985114947391789
94,0.3168005968399622
95,0.48554548179712875
96,0.4706668281261694
97,0.28008884052120203
98,0.5038427811926032
99,0.3080688928644332
100,0.1838603685248381
101,0.48082244477097236
102,0.3131841796261253
103,0.4919794745015368
104,0.483972354606587
105,0.48908081841368933
106,0.49400714465932954
107,0.31068367166922467
108,0.48933499592361873
109,0.18096277797310856
110,0.46841621299520364
111,0.4980537202389254
112,0.31584468049816317
113,0.4881322285140437
114,0.4642844622712147
115,0.48940203716826075
116,0.4942998162501752
117,0.4813279824257157
118,0.5008702955037899
119,0.4997429839387777
120,0.31584468049816317
121,0.4937486702358037
122,0.3116617438531081
123,0.18157381575465065
124,0.48706796264762603
125,0.48984808786599565
126,0.48564291011136806
127,0.4821592108461683
128,0.310154454982143
129,0.4813422635786223
130,0.49633129654805097
131,0.4820582148991679
132,0.4813422635786223
133,0.30992893577050684
134,0.11770702289526959
135,0.49700114478131285
136,0.49599262848633846
137,0.4861911948037977
138,0.181329091516069
139,0.3145779594385571
140,0.3736750183795061
141,0.48398664100633987
142,0.4848734283972503
143,0.4509339445395383
144,0.313560739458702
145,0.31607378553727866
146,0.18157381575465065
147,0.31320620173464714
148,0.5018304094490429
149,0.3172416212399522
150,0.4754889752745759
151,0.3133321818449821
152,0.211464575987657
153,0.49476896260926595
154,0.49462107411794026
155,0.4875815162937093
156,0.3152594297142199
157,0.30973989229278037
158,0.211464575987657
159,0.48262181425227463
160,0.4898516046656254
161,0.49532901223267095
162,0.49023183540980875
163,0.482355931610881
164,0.31145573795462433
165,0.4826830222910445
166,0.18315288980830075
167,0.2835366058536515
168,0.18253772327501402
169,0.48050011304326834
170,0.31363496762065335
171,0.4885795449206472
172,0.30824426096359875
173,0.4959929929433187
174,0.46487064092912267
175,0.48642812386366696
176,0.31320620173464714
177,0.3624999845267649
178,0.4841690127123116
179,0.30599069903609993
180,0.4939952862997128
181,0.4995367331668869
182,0.4701992664175282
183,0.48065285187740475
184,0.211464575987657
185,0.3183675416601496
186,0.16121950786667114
187,0.4876903921149151
188,0.48669840097341116
189,0.48610845715592377
190,0.3109107343380488
191,0.48343445341024105
192,0.181329091516069
193,0.4857228379151934
194,0.464227471874192
195,0.4860223142423889
196,0.4957981777187264
197,0.31244702063057994
198,0.4914962012023302
199,0.46890080417799046
200,0.35911435939797876
201,0.18408846403731777
202,0.18290651293928772
203,0.48984808786599565
204,0.48561072641657604
205,0.5112275836644774
206,0.49822273763982416
207,0.4971164318480999
208,0.4812103226360719
209,0.3054665156346954
210,0.5061725543074994
211,0.4959929929433187
212,0.5035717751632619
213,0.4836338496783267
214,0.4802369586692371
215,0.3164796376524576
216,0.5000368432218192
217,0.482355931610881
218,0.44542110120883716
219,0.48990313325381296
220,0.502187921332274
221,0.49154903618863593
222,0.31267522657911767
223,0.3140042170746254
224,0.500204399872694
225,0.44717968452675266
226,0.48149999768023527
227,0.18096277797310856
228,0.49756454251772436
229,0.46487064092912267
230,0.4917082698070359
231,0.18315288980830075
232,0.18253772327501402
233,0.31267522657911767
234,0.48655969762850676
235,0.31584468049816317
236,0.18408846403731777
237,0.3115673697947491
238,0.46838542761153545
239,0.3084202268120239
240,0.3586851345898696
241,0.48825647836613634
242,0.4980304260686284
243,0.31490565021546724
244,0.4824050553720435
245,0.3152594297142199
246,0.4846174837342404
247,0.3130026327593671
248,0.3120218514847244
249,0.4833949996088721
250,0.31466466631061624
251,0.18408846403731777
252,0.18408846403731777
253,0.4842513832655495
254,0.307542726987953
255,0.48805044010537085
256,0.49648136994539577
257,0.3156152235428814
258,0.48770830286412253
259,0.3116883055566917
260,0.18250312599416635
261,0.4977109381374472
262,0.4984289862064503
263,0.47900406207321505
264,0.30569022617444347
265,0.4889024879001906
266,0.4866858503599155
267,0.31431462986130326
268,0.4872019223091871
269,0.18096277797310856
270,0.4979764536185381
271,0.4984289862064503
272,0.3588518114304565
273,0.31033091633100107
274,0.4919794745015368
275,0.36311490240960825
276,0.3065647804014861
277,0.5030787657951559
278,0.307542726987953
279,0.3686810454976842
280,0.31584468049816317
281,0.4942509494231547
282,0.1838603685248381
283,0.49780498539510065
284,0.31145573795462433
285,0.4918249848985406
286,0.3116957962846712
287,0.4853688132115849
288,0.18290651293928772
289,0.4857394475314783
290,0.48384593171130297
291,0.5011010860852191
292,0.46336622849666764
293,0.46540208064083965
294,0.21057552724044573
295,0.2856928732669224
296,0.49462107411794026
297,0.4942686577246028
298,0.3154887472429987
299,0.4860223142423889
300,0.49886335961956124
301,0.31719486074363296
302,0.49315094100442447
303,0.48554548179712875
304,0.3096040834013545
305,0.30824426096359875
306,0.4895910108073864
307,0.49798190795722197
308,0.34897250653175904
309,0.49496377042416706
310,0.49532901223267095
311,0.3084202268120239
312,0.18250312599416635
313,0.48455660035247106
314,0.491160553896496
315,0.3152594297142199
316,0.35438576980898395
317,0.49492258599555555
318,0.4828475585259758
319,0.46691619625456504
320,0.48398664100633987
321,0.4819888697765147
322,0.48986765532066334
323,0.48816841659707827
324,0.4985169491187965
325,0.4817478281633854
326,0.4877809753765257
327,0.47888514753740213
328,0.30992893577050684
329,0.4999483618611045
330,0.4791673004127041
331,0.3133321818449821
332,0.3116957962846712
333,0.4856418843258721
334,0.35775011442555643
335,0.4872809559596314
336,0.1816250661731399
337,0.4888587704411723
338,0.5006779816937446
339,0.4613894258223774
340,0.5008801848074417
341,0.30766853523600857
342,0.181329091516069
343,0.48248089598247096
344,0.31033091633100107
345,0.116611646819535
346,0.48033606904892034
347,0.35849624452895656
348,0.3596704543947062
349,0.5057613672105649
350,0.47726729117574923
351,0.3169949531112528
352,0.47636856566950786
353,0.312071279529892
354,0.46402225628055166
355,0.3294386153557888
356,0.11770702289526959
357,0.3183675416601496
358,0.3084202268120239
359,0.48091891989720426
360,0.3572350777426921
361,0.3097530383915175
362,0.31180919381559674
363,0.5109350277550782
364,0.30980261682751126
365,0.47718302973050625
366,0.3120218514847244
367,0.3120218514847244
368,0.4942998162501752
369,0.5020928523372252
370,0.31033091633100107
371,0.49931139641499833
372,0.21049404205089237
373,0.4775069114901385
374,0.3054665156346954
375,0.4984629864300398
376,0.4924430783150695
377,0.4739326775704629
378,0.4868922997669321
379,0.49226267825277686
380,0.4908925181386465
381,0.49462107411794026
382,0.18250312599416635
383,0.31490565021546724
384,0.31145573795462433
385,0.49269779530771546
386,0.2154926376894534
387,0.3118555229809816
388,0.31267522657911767
389,0.49964867510750155
390,0.3131841796261253
391,0.31607378553727866
392,0.48458913205961074
393,0.4644857676464096
394,0.3154887472429987
395,0.4971733922027621
396,0.4873022361684032
397,0.4910980932181912
398,0.49665842507515723
399,0.4873638595036534
400,0.31068367166922467
401,0.478599675266103
402,0.31033091633100107
403,0.21076799405481958
404,0.18157381575465065
405,0.4845945813076298
406,0.458593905968391
407,0.48554548179712875
408,0.4946516406028579
409,0.313560739458702
410,0.48194453729330705
411,0.4875815162937093
412,0.3596704543947062
413,0.4886681783217184
414,0.3131841796261253
415,0.471754298381651
416,0.4770958411280077
417,0.16265674892584708
418,0.4835751551522713
419,0.313560739458702
420,0.3084202268120239
421,0.3172416212399522
422,0.30581561128868895
423,0.18315288980830075
424,0.49485184002009863
425,0.48319761059026256
426,0.4715242494340893
427,0.4846718781035758
428,0.3003445053946966
429,0.4881286721048306
430,0.3084202268120239
431,0.31431462986130326
432,0.4811158904334903
433,0.48985531260174114
434,0.4982281919989018
435,0.49652801073540176
436,0.4833287682603235
437,0.4835751551522713
438,0.49751868300760455
439,0.49489154006258274
440,0.3084202268120239
441,0.48554954276843876
442,0.4792357669977591
443,0.31068367166922467
444,0.4916634111615037
445,0.486409849615975
446,0.48003164151509015
447,0.49359965004538686
448,0.4919794745015368
449,0.4851032609948883
450,0.44717968452675266
451,0.3183675416601496
452,0.30859570571097894
453,0.49197398982562146
454,0.3668362634834867
455,0.488722124041342
456,0.181329091516069
457,0.48252117646370263
458,0.28547618098807775
459,0.49559851738703625
460,0.48286825583834264
461,0.2788321073216522
462,0.4838632400740772
463,0.31133492473641033
464,0.5020189045791634
465,0.48824922110611985
466,0.4890168393355827
467,0.3097530383915175
468,0.31320620173464714
469,0.4958155029291525
470,0.4945030556823916
471,0.4807250796899382
472,0.48632907578618223
473,0.4872205337784301
474,0.4792754028732707
475,0.4697237705898349
476,0.4941688371423198
477,0.4829005578233047
478,0.47337717438303284
479,0.3091891912788921
480,0.4813422635786223
481,0.46111206771034097
482,0.455948802134918
483,0.48770830286412253
484,0.3080688928644332
485,0.4953862904395744
486,0.4817616450134058
487,0.21352927481117792
488,0.4842326798322136
489,0.313560739458702
490,0.3550777418494202
491,0.4866440214589691
492,0.31153445012774794
493,0.48029084788659654
494,0.2154926376894534
495,0.18096277797310856
496,0.4986931486721608
497,0.310154454982143
498,0.35866226252132904
499,0.4928799296362274
500,0.4935261569364436
501,0.486940606944641
502,0.49273910372290597
503,0.48309445914989696
504,0.211464575987657
505,0.3077179287708137
506,0.47926322500735546
507,0.4974051833606776
508,0.48892111457445536
509,0.495864018453101
510,0.48506503734512657
511,0.4979764536185381
512,0.18250312599416635
513,0.47832689199866213
514,0.4921218575553911
515,0.4853688132115849
516,0.49762746105272687
517,0.48267551942154613
518,0.5048893189851992
519,0.47915553387990406
520,0.4959929929433187
521,0.4850482420903422
522,0.4911372403767619
523,0.4860223142423889
524,0.4860223142423889
525,0.4790108543926056
526,0.49376876931237096
527,0.49751868300760455
528,0.49226267825277686
529,0.47900406207321505
530,0.116611646819535
531,0.4835751551522713
532,0.49450604128401404
533,0.32012397116935626
534,0.4933413057700164
535,0.48398664100633987
536,0.487639449405443
537,0.48656514811669693
538,0.4888799969880738
539,0.49293389208492044
540,0.312327291973727
541,0.4863971938882282
542,0.31033091633100107
543,0.49727996309501865
544,0.4843804392666911
545,0.30882192605337155
546,0.3080688928644332
547,0.48047322794487657
548,0.18290651293928772
549,0.4980304260686284
550,0.4945016318695413
551,0.30980261682751126
552,0.5001716832865476
553,0.3169648773396371
554,0.4811706971403912
555,0.31180919381559674
556,0.3076820413169144
557,0.4905229411342456
558,0.3120218514847244
559,0.4873508698413168
560,0.4941688371423198
561,0.16265674892584708
562,0.49476896260926595
563,0.18253772327501402
564,0.5007684994327519
565,0.49602134341915183
566,0.4882957682494522
567,0.36254987758586654
568,0.49665842507515723
569,0.490467229358438
570,0.4866858503599155
571,0.4980304260686284
572,0.4909568440296271
573,0.487639449405443
574,0.3159192004979032
575,0.49581579015922805
576,0.31490565021546724
577,0.49851356690648696
578,0.49136015150649065
579,0.46576481762713023
580,0.5057495087152524
581,0.5035717751632619
582,0.31584468049816317
583,0.31818438209717853
584,0.3131841796261253
585,0.49688920694496747
586,0.4833692264235562
587,0.471754298381651
588,0.48296183384246394
589,0.4898032855557871
590,0.31813710415654356
591,0.4988481636564239
592,0.4693453452445192
593,0.31267522657911767
594,0.4925207705316582
595,0.1833115332131845
596,0.48290461743797597
597,0.4860223142423889
598,0.18290651293928772
599,0.31087670959838765
600,0.4922390249277204
601,0.4935394365026462
602,0.48499387222810153
603,0.4873508698413168
604,0.31818438209717853
605,0.4870549367941787
606,0.4964582522186656
607,0.3131841796261253
608,0.46194613100950477
609,0.5038061899154507
610,0.31490565021546724
611,0.48999707136883097
612,0.48062606955415077
613,0.49756454251772436
614,0.4816851486433469
615,0.18253772327501402
616,0.4971733922027621
617,0.47800981595172065
618,0.4994918503612395
619,0.5007212518341693
620,0.4813279824257157
621,0.3168658895938457
622,0.48703444416571096
623,0.31490565021546724
624,0.4887150636926144
625,0.5035717751632619
626,0.36055527915752594
627,0.313560739458702
628,0.49688889155835203
629,0.46600057964279346
630,0.4961852954487443
631,0.31472656884359684
632,0.18320448616019547
633,0.4840727629271005
634,0.4935394365026462
635,0.4858904186803474
636,0.48560347116531877
637,0.48999707136883097
638,0.46218348319624
639,0.4811706971403912
640,0.31180919381559674
641,0.3129827631148129
642,0.49665842507515723
643,0.4874952133485525
644,0.4816788788698673
645,0.4995367331668869
646,0.4781398698129892
647,0.48561550684999466
648,0.4930904902421279
649,0.3120218514847244
650,0.48730238212971516
651,0.4807593748522303
652,0.21234137975191225
653,0.4829173182801495
654,0.4919794745015368
655,0.48158963251560477
656,0.4898200800323751
657,0.48675598211611737
658,0.18157381575465065
659,0.4668624596312172
660,0.18227655596731135
661,0.16265674892584708
662,0.3590563646746944
663,0.4880274880931465
664,0.4928253725917128
665,0.5011161445724006
666,0.48433512566608244
667,0.18408846403731777
668,0.49089469340844843
669,0.4675881817869579
670,0.31708803840180666
671,0.4822641064742237
672,0.3120218514847244
673,0.3611301252419157
674,0.5000095715285362
675,0.3132425416239932
676,0.30252568490883647
677,0.48116027932500305
678,0.35711092147259965
679,0.18250312599416635
680,0.4859738334087325
681,0.3152594297142199
682,0.4817386552041707
683,0.47447377086129416
684,0.47847813003596623
685,0.4949171321308422
686,0.4696411889904375
687,0.463408119994549
688,0.49959070643648906
689,0.4933457338325398
690,0.49822273763982416
691,0.4829560125340564
692,0.4962040163933875
693,0.5037522196882266
694,0.4671445000403663
695,0.48561072641657604
696,0.48499387222810153
697,0.4670042557984053
698,0.3145779594385571
699,0.48115315602527614
700,0.492497051316373
701,0.4786676219415491
702,0.46670861140665604
703,0.48859380657708046
704,0.48326615383728605
705,0.35559209022674576
706,0.3169949531112528
707,0.18290651293928772
708,0.30946805818040296
709,0.47574310285665533
710,0.31467656167918984
711,0.4728382357920278
712,0.48343445341024105
713,0.48649116218051575
714,0.35454716443128953
715,0.48105438055983124
716,0.3658309550707316
717,0.4838030983441728
718,0.1838603685248381
719,0.3121179793539778
720,0.4935435001915834
721,0.4858940319712115
722,0.4503178394127056
723,0.4872019223091871
724,0.30634071223049597
725,0.3131841796261253
726,0.18250312599416635
727,0.16265674892584708
728,0.48423410013998996
729,0.35949253248389706
730,0.48759546139671656
731,0.49070215648841986
732,0.47814666112452386
733,0.4924430783150695
734,0.34362541282898157
735,0.48655969762850676
736,0.18253772327501402
737,0.31495567705460426
738,0.47982569638623557
739,0.48812304848750215
740,0.4977109381374472
741,0.4849849019902937
742,0.4882848413332525
743,0.3154887472429987
744,0.4872019223091871
745,0.18157381575465065
746,0.4948554756698348
747,0.4469499170698097
748,0.3088663670981566
749,0.48853986148736356
750,0.3580677798701708
751,0.48759546139671656
752,0.4917173695648542
753,0.4657801172938731
754,0.4867372732412843
755,0.4701992664175282
756,0.34161126910205386
757,0.4793951939227433
758,0.3116957962846712
759,0.4898076286835849
760,0.4993599152122709
761,0.48542885583449147
762,0.47068976943538854
763,0.4813422635786223
764,0.31495567705460426
765,0.4886681783217184
766,0.4730540927119591
767,0.48031447017709694
768,0.544262524078051
769,0.4997825830916983
770,0.4859738334087325
771,0.31068367166922467
772,0.49652801073540176
773,0.18227655596731135
774,0.49688920694496747
775,0.3168005968399622
776,0.49665842507515723
777,0.48610845715592377
778,0.48031447017709694
779,0.4801893437620959
780,0.4853278730582605
781,0.48499387222810153
782,0.4913686346415608
783,0.18096277797310856
784,0.18315288980830075
785,0.5006779816937446
786,0.44210225677900683
787,0.4829402157136256
788,0.4853742946042165
789,0.4622654116730556
790,0.44321401064724947
791,0.30859570571097894
792,0.48404055914228217
793,0.46223714819837836
794,0.31285381312318106
795,0.4762742458026539
796,0.49203295834354727
797,0.31434899990903403
798,0.4932917701591192
799,0.31719486074363296
800,0.4850006704156667
801,0.4790108543926056
802,0.31033091633100107
803,0.486890972061928
804,0.3080688928644332
805,0.4830320734049483
806,0.3080688928644332
807,0.4721108268652194
808,0.4516447879920135
809,0.480795059257936
810,0.36781945513996855
811,0.18157381575465065
812,0.49064489327405914
813,0.46512363802963597
814,0.48031447017709694
815,0.35401969534862476
816,0.3131841796261253
817,0.3086417715457924
818,0.18315288980830075
819,0.4889330549721726
820,0.4879111008419314
821,0.31607378553727866
822,0.4816488393243432
823,0.31033091633100107
824,0.4906344270160413
825,0.4854626651253904
826,0.4988481636564239
827,0.471754298381651
828,0.4980304260686284
829,0.4817014236834212
830,0.48556224785271385
831,0.4868967393813537
832,0.49299259634437814
833,0.4890168393355827
834,0.3265019124138544
835,0.4809309305774525
836,0.48825647836613634
837,0.18250312599416635
838,0.4932917701591192
839,0.3131500191533593
840,0.48797266304283976
841,0.18408846403731777
842,0.49388069425210634
843,0.5077703347591517
844,0.316765047409151
845,0.4949170864568337
846,0.49756454251772436
847,0.31174602735715795
848,0.4843041714978078
849,0.4681694998259024
850,0.492713514412815
851,0.49220472353384986
852,0.3097530383915175
853,0.35823302807055696
854,0.48465713865739674
855,0.32012397116935626
856,0.48384593171130297
857,0.48535990113296307
858,0.49098185570651026
859,0.492076693317277
860,0.4690676616477512
861,0.4918020293939862
862,0.4867250510508989
863,0.49111002417733723
864,0.3080688928644332
865,0.4991568983026622
866,0.4724275505432243
867,0.49117976424489207
868,0.46497617678324304
869,0.4833692264235562
870,0.47941458477778587
871,0.31068367166922467
872,0.4835751551522713
873,0.482576177346599
874,0.4836290704112801
875,0.30859570571097894
876,0.4971815928793358
877,0.3145779594385571
878,0.4833287682603235
879,0.4982528818207322
880,0.4979764536185381
881,0.4776783743143877
882,0.4758423112697439
883,0.47900406207321505
884,0.3120218514847244
885,0.47621660385235665
886,0.3084202268120239
887,0.23894554739909132
888,0.31818438209717853
889,0.4835751551522713
890,0.3131841796261253
891,0.46978883062476234
892,0.48646584363911965
893,0.31068367166922467
894,0.48252117646370263
895,0.49023312460156676
896,0.4933457338325398
897,0.4835751551522713
898,0.31068367166922467
899,0.49712760938251693
900,0.48716190102616724
901,0.3133321818449821
902,0.2122593949712846
903,0.4975532171524998
904,0.49485184002009863
905,0.49727589884840195
906,0.4861047890774167
907,0.4775987083904051
908,0.4701509201696491
909,0.3154887472429987
910,0.1838603685248381
911,0.45591211924301067
912,0.3084202268120239
913,0.490409757375222
914,0.49355673392960775
915,0.30992893577050684
916,0.4935682553200107
917,0.4857382256957356
918,0.48301916623205365
919,0.20970407377271424
920,0.36005622189285863
921,0.31584468049816317
922,0.49378554677618797
923,0.21057552724044573
924,0.3168658895938457
925,0.3109107343380488
926,0.5086793374591144
927,0.4879880769105762
928,0.46841621299520364
929,0.48554548179712875
930,0.49822273763982416
931,0.47439418048189685
